2938
0378
9818
5862
0282
9734
8529
2232
0627
8342
3296
0433
3555
4951
2426
3087
2633
9807
2923
5479
0182
9229
8482
0736
0279
4276
8631
7185
4907
0410
7719
9224
5896
1055
8090
1772
7305
5924
9668
6093
5325
5120
6571
2463
9825
4671
5639
7919
5122
1719
6988
3959
8695
9816
7363
1668
0761
8946
8069
3254
5501
7741
7595
6183
9687
6152
9376
3613
6385
4641
0622
4495
8037
5502
1220
8145
5082
2840
0616
3168
1039
7779
5234
6324
4712
0052
8297
3346
7019
5822
0008
6555
0922
0963
5599
5717
1496
4600
8346
1027
5797
2623
4847
1334
1368
0827
9200
4639
3671
8752
1664
3166
0648
7842
2922
4622
4332
3199
9782
5211
2358
8121
0540
1230
7156
3239
5364
3103
0967
1062
9931
7065
4666
4178
3091
9993
6154
6307
5813
6409
6380
9180
6729
2661
1364
2189
5970
0828
8815
9053
7117
7178
8363
8797
4008
5178
1933
4391
1111
6112
0005
8024
6071
3756
6610
1797
0910
7667
0651
8314
6460
9165
9777
7000
1474
1095
9441
0475
0522
6538
2482
3413
0653
0608
1480
3019
6717
8512
9636
4142
4039
5698
7202
6091
1443
0843
7046
0039
0962
2907
5210
8301
9708
8464
2853
3869
7924
4827
4505
9606
2010
9691
5857
0020
5278
2884
2083
2815
3997
4557
5053
2429
2665
9916
7071
6775
2018
3021
9143
6355
7369
4475
3773
0278
4846
3755
1544
0122
1858
6336
5475
5451
7410
6738
0377
3740
4766
6915
2966
0854
8931
6996
4053
8101
0190
1414
4173
8758
9101
4772
3561
7748
8710
1115
5059
9754
3908
4915
6774
0402
4703
1538
3362
6911
7980
0088
9862
2817
0141
4816
8782
2331
2573
2353
4883
0338
0139
8593
4425
0876
3592
0748
1844
5731
0239
9194
7476
6316
6848
8740
9684
2731
8259
6082
2540
6697
3397
6098
8914
3012
6802
1405
9311
0891
4870
3142
5160
4547
3262
5995
9706
6401
8191
0716
7683
1593
8399
2177
7632
3431
0958
8619
7375
6321
9442
0031
5735
2420
3432
4311
9310
2212
4413
8861
6655
8787
2783
1783
1592
8644
3214
7183
9099
0989
1959
6173
5217
6231
7330
3727
0237
4401
5183
6080
1999
3802
4513
5008
1978
3534
1654
1515
1114
9111
9567
7243
5858
7031
2074
0188
9531
8053
0850
7170
9961
1701
4554
2362
4103
5799
6837
9343
2211
9941
7273
2245
5449
9085
8307
9812
1731
6256
2398
4980
1980
0083
6017
0464
3256
4323
0859
8078
8562
1563
9302
8349
3298
9536
5869
6318
6342
9303
0116
9223
3999
7444
1735
0672
1550
8985
9894
4089
7897
8604
4060
2499
2414
5952
9182
8055
6909
6015
1671
7286
7987
5880
2721
5215
6404
5457
5864
4233
5055
5597
3746
5633
4950
0692
1041
9737
8478
1655
8659
9817
8989
6880
9138
5489
5395
0770
8487
7320
2992
1906
9837
9713
1109
1468
0683
5738
6993
2636
3630
8028
4361
3147
6966
3335
7978
6526
6730
9860
4885
3767
8997
1082
8217
5920
5413
0779
0909
7120
5033
6504
6833
5668
2738
4681
0939
5777
1100
2929
7115
5347
1150
2071
4553
7316
8944
3070
1878
5039
4023
6069
1557
1093
0518
8033
0119
7644
7596
4617
7140
3761
1790
6344
1401
7550
2602
0941
3076
7814
0099
7066
5508
9638
0904
8449
4843
8172
6199
4109
4423
2307
7887
8635
8361
4136
6889
1983
5826
1879
5442
8469
5623
0564
7736
9213
3196
0745
0697
0508
2326
5704
9614
2543
3456
4768
9678
8015
0242
5676
5456
0157
2289
3321
0170
1246
4439
1848
9448
7018
8651
1037
5269
9350
1892
1577
0957
8838
0287
6809
1469
3002
0075
6853
5007
5939
8343
5510
5737
2309
3808
0425
3094
3390
0881
0548
7309
9591
1693
4497
8123
4282
9151
0126
0027
1360
5947
7024
9826
2758
7678
8112
9327
0626
5274
4296
0164
5185
3125
3884
1487
7759
8585
2412
9049
6349
2139
6457
7797
6247
2336
1706
3701
5851
2025
6422
4249
7306
0970
4166
3113
1963
1253
8731
0893
3525
6944
0137
3158
0360
4708
8748
8401
0519
6414
1733
5961
6701
9834
9880
5249
5089
3817
0743
2146
8163
6124
4593
6174
1971
4379
0792
0580
2068
5936
4728
8274
1762
2298
6067
0426
0767
8141
7995
1689
4812
5009
2135
1591
3138
1074
6439
0667
9325
7811
8486
4169
7340
3964
2120
8115
5866
6780
7200
3348
2819
1229
5625
6228
3991
4207
2171
2569
5872
0918
3600
7113
1629
7313
7696
0498
5685
5762
4576
3048
2961
6006
0551
5879
8244
8595
4287
1587
0874
0140
6831
9944
1779
6114
6696
5755
4931
3202
6320
8149
4522
7625
2404
0012
3836
6588
5669
3792
8497
0581
5460
2940
4182
5611
0479
2237
7825
3191
5951
4580
5454
9821
7684
1650
2022
0365
2703
6626
5374
8250
4779
9835
8215
0676
7432
2896
8556
0057
8387
5953
6128
6417
1198
7656
9856
3867
0373
1899
4044
7636
8845
7175
0561
3281
4090
8039
2460
0201
0976
8173
8955
5837
9163
1167
0133
8370
8460
5114
5610
4245
1018
4486
8046
1579
3597
7198
6434
9963
6611
8854
7216
4845
4873
7414
9349
8258
4922
3368
9470
9493
2439
7490
0341
4610
4131
4746
1249
9110
6860
9021
4294
0175
6970
5629
9234
6768
8501
6491
8189
8489
4899
9635
7240
9666
6206
4390
4503
2978
1958
8476
9530
9211
4108
2143
7257
5749
8732
1289
9176
2727
0179
6117
3276
0386
1492
9714
8462
7553
1990
6978
0235
8133
5196
7679
1832
8235
9394
8265
6327
6922
1213
6713
5771
9173
8518
6508
8018
6798
7734
0591
9045
7650
6115
2432
8606
0323
5948
4415
4086
0840
1466
5531
3330
7765
2939
6794
3081
5277
4932
4327
6683
1727
2015
7685
8868
6505
1155
2560
7784
4934
4241
6494
6867
9930
8335
8030
8162
4216
1227
7661
1346
8698
0041
9088
0196
6762
0405
8262
7715
2021
4334
1105
9976
8468
4038
6971
1101
1311
4869
3374
5567
7671
0265
0906
7894
7341
6043
1312
2470
4383
2700
6296
7342
8185
6621
1302
6795
1301
6081
6363
2871
8331
3105
3398
6292
0200
0691
4969
8156
6026
1722
2002
0098
3015
0714
7159
7228
3631
0414
7480
1221
7229
9603
0825
9621
3776
1875
9440
8691
2228
5827
7638
2134
2224
2188
4200
5258
3742
0394
5131
6102
1863
0355
1048
4913
7101
2255
8805
4973
1913
7380
9652
2995
0117
7867
7092
1569
1431
5600
7757
0794
7336
1835
4195
0935
9029
8812
4840
2525
9328
6660
2103
5543
2946
1168
5868
4800
3066
6942
0746
8824
3350
6092
1073
4342
8938
4695
5651
5492
9913
9274
9087
8373
7274
1956
9130
7979
1695
0372
6820
2003
5612
7856
6736
5617
5506
9730
6274
0632
7892
2169
7352
7959
7698
1847
3265
9398
1133
0438
8799
3449
7821
5414
6323
3336
0085
9769
1989
4583
6525
8652
6829
1162
7449
7773
8321
7162
0971
6552
1685
5136
8153
2131
3660
8936
2210
6470
7246
8505
9460
7610
7443
6086
9433
0144
4238
4625
0618
9620
9255
1927
5473
2056
6807
9113
1730
3461
4002
3854
8452
5046
7953
5320
3851
1127
8094
4677
9583
8572
8819
1008
2838
2637
9261
4083
1232
5979
3672
6012
7262
6689
7067
9840
8008
2878
0358
5730
2962
6281
2408
5396
9696
2323
3313
0944
6591
8829
3505
2612
4569
7408
5634
6578
3982
6924
6034
4385
7658
7660
1494
0577
4011
7013
4908
8738
1061
3424
7395
4596
3977
8935
8485
5087
4347
9306
8371
2278
6155
2864
2860
8929
2386
4565
4199
4791
1384
1534
1614
4490
8506
6740
1988
9739
2553
5533
2033
7913
6670
3258
1745
0950
8814
5836
8423
2284
6467
4132
2133
3540
2144
8942
1744
3698
5850
4944
7672
4632
6910
2258
6524
2872
5020
6461
8646
1553
8705
3266
4298
2888
5497
6764
6726
6271
7835
0855
6815
3116
7801
0885
7247
0985
8465
6269
7755
8676
7890
7450
4058
8522
0223
5884
5238
1410
9212
0641
7933
5809
1424
0444
5844
2960
6000
7292
1036
6005
1862
8788
1804
5963
0621
9768
0689
5691
8532
3274
0744
1191
3872
9928
9080
9623
9368
4004
0612
3500
1195
2810
3678
7060
7335
5316
2304
3632
4134
1192
6176
5268
6436
6958
6216
9719
6479
4048
2464
0427
8142
4601
3234
3126
7952
3047
3491
5888
3529
0199
0511
5026
3845
0241
3789
0053
6887
9490
1267
2915
3834
1724
7673
4071
8341
3973
5299
6946
7095
2311
1335
2029
7845
9574
4982
1974
1347
2934
4872
5494
4770
6049
2473
5321
9550
3175
6023
3661
0895
7668
0681
6260
0566
0264
4119
0211
8325
9702
5814
0932
7325
8357
1914
2698
4412
4494
9641
3589
6896
7662
4905
1934
8457
5881
7753
6951
8975
8844
1058
2272
4320
8699
2445
4367
0722
4689
9225
2086
2329
1778
3853
6372
0947
5671
9243
0878
1909
6808
1684
2936
7726
6928
8207
3588
4093
1690
4190
6901
6968
8068
3960
1700
2089
2892
1407
6863
6997
3922
0660
4552
5424
5352
5315
0382
4043
5093
6886
9579
3513
0150
9133
8184
1143
2881
6605
9775
5832
1084
4813
6038
3450
9947
6100
4627
7070
4087
3317
7918
9057
9117
7733
4293
4706
3503
6899
4034
8798
7208
9700
5469
0574
9294
6595
5080
0868
6852
9793
0530
6248
8893
7727
4966
5785
7188
0111
1979
2545
4859
8213
8761
4880
9171
5830
2231
8932
7642
5992
9631
0412
2659
2935
4406
3121
1746
8351
1819
2342
4896
3472
6723
0916
4268
4762
9884
1300
9461
5462
7971
1516
7008
2684
1298
2889
1869
5640
2287
1787
3614
3162
5224
4611
9854
4844
5118
7571
1699
1509
7628
4860
7211
3344
3244
2052
1489
8827
2181
6295
5971
8591
8611
1702
7640
0026
1996
6612
2069
7272
8288
7224
3420
1795
3662
9625
4991
2059
6160
6350
0362
0076
1463
3411
3405
3444
2410
2759
4793
0178
5419
1040
8002
9557
5989
5353
4598
3518
7116
5168
1445
1765
8152
6475
1543
6585
8680
2811
0457
5230
4306
6632
8051
9872
6304
6062
6095
2049
4560
6046
8450
8009
4696
7235
4360
9861
0536
7212
9232
6367
0305
0465
7256
5586
7295
7293
8981
5579
4594
0286
5564
4284
0435
7501
3309
8470
7384
9865
2365
2154
7500
9726
0801
6691
6520
0167
8143
7805
2506
2788
0132
9725
7722
1072
1846
9485
4881
4271
4688
7687
2986
2387
5908
5887
6106
1324
6103
1918
9278
0897
7735
3898
0158
0212
9822
9693
8431
1306
9382
0251
3687
5477
0184
8789
8639
4842
7210
2117
1380
9653
2513
7936
5206
5642
8623
0796
1600
3140
5276
1108
9403
2458
7858
9932
3379
2861
6622
6202
1723
0352
9023
1145
5166
4445
4151
9338
4484
4309
2903
0391
6074
5606
4010
3509
0755
4679
4732
1411
7809
4697
0818
7163
0631
5390
2073
4084
4516
6977
1091
8686
6659
3936
7307
0959
9230
9639
0428
6108
0228
5101
9546
2643
7009
6617
5313
7823
6517
3245
1574
8926
5066
4157
3235
8421
1465
9560
3968
1047
0092
2087
4825
8206
9681
4072
8818
4204
0082
5876
4893
4874
1998
1171
8426
3617
8832
1045
6488
8599
7882
4392
7574
1568
4069
6792
5990
7109
2222
2140
5170
2593
7718
4669
5768
2418
1704
3008
9458
7862
7199
9823
9624
4765
0776
7451
3056
1522
0705
3668
3433
5381
9484
9169
2693
0221
6164
1842
5514
7206
0225
5361
7848
7339
0798
7594
6619
0203
2064
5520
0554
4940
8790
6755
6548
4996
3371
9426
0990
7807
0562
9339
6004
3272
3772
9108
9569
2483
2214
2253
5326
2859
1439
2048
0836
5305
0491
5328
7570
9829
6680
3408
2763
9061
3732
5641
4588
2019
9105
1944
6242
2520
9268
7056
4891
4817
5923
2276
2335
1861
6130
4764
9374
2720
2294
5163
4674
7865
2723
7164
7227
7486
3237
5910
9783
5752
2570
0925
5098
7895
3837
5322
5138
8830
8119
8565
5164
2760
0172
8128
2020
3006
8270
7657
4263
8398
6756
0981
8062
6735
8723
5770
8979
0711
5186
7659
5226
1178
7160
0495
1209
1460
4041
2142
2165
1788
2909
1640
3891
9147
4636
6941
0413
7847
5175
5090
1766
8490
1882
8730
2277
9898
1551
0448
9661
2341
9733
8083
2782
1245
2061
7371
1119
6719
9622
2653
1900
8717
3185
7327
2057
0549
6075
9741
4097
0058
6630
4500
8154
6039
8670
4395
4265
1331
5789
0359
1343
7158
5895
3989
3391
3919
5225
1952
6699
4340
1066
2471
1729
9281
9379
9849
0113
5004
4856
0803
7470
2373
1595
9006
7772
0982
5235
4000
2785
0596
7099
7535
8222
5875
8533
5371
2671
6902
6285
6965
6408
3192
5863
1827
7434
5647
2451
7312
0367
0914
8306
6727
7149
5434
1809
5260
3190
5445
4532
0575
3071
8809
1955
3684
9084
5474
4257
9502
4604
7664
3924
3153
0100
2965
1029
6580
6812
9486
5545
2629
6203
4403
2269
3511
9056
4336
4970
4110
3562
3649
8627
0332
9463
3074
8405
3382
7020
9315
0780
2927
5491
7655
9144
2837
2027
5541
9331
5161
7521
4001
0267
9239
2793
7767
4414
9217
2600
3365
1972
5056
0103
5856
2796
0371
1528
6268
9335
9797
2106
3526
8081
6056
1389
3579
8726
8502
3947
4916
5169
0455
8481
6599
2079
3572
9665
4283
7510
8223
1757
0284
3586
9078
0741
4612
5421
5618
3875
4197
8560
0821
2044
2036
4965
1659
3301
5015
6011
1182
2012
2991
1208
0807
7276
0387
1367
6715
3306
5702
7643
8965
2508
8883
8917
0429
4517
8327
4773
9409
6118
1333
2296
8843
5397
5244
1035
1173
7576
8010
8743
1824
4643
7398
4584
5348
0771
9369
4925
3821
4140
9566
2090
0887
3487
1752
3376
2240
7975
2428
9897
7315
8240
1259
3852
4545
7954
3515
4299
6625
9355
0096
5028
8272
5804
9324
3060
2409
6766
3741
3470
7548
3809
8079
8293
7769
7310
3097
3480
4911
8474
8437
3878
4694
7826
0349
1043
5350
4098
5962
6147
4888
2968
8702
9828
3723
9411
4675
0698
2123
6489
6348
4451
9413
0244
3972
5663
9032
3737
8570
9244
0758
3052
2486
1739
7265
3762
5357
1872
0759
9381
8132
5513
8690
7868
7947
2236
5552
5264
1555
4068
5540
9513
6661
0968
7385
3224
4057
9148
4995
2352
4744
5073
4936
8284
6584
9601
8793
9477
7207
7237
2533
3073
2761
1874
2628
0784
1873
1375
6194
1034
7110
8736
7799
9688
0363
2216
6888
8200
3923
0131
0670
4582
9480
1786
1121
1009
7059
8760
4194
7922
2624
3582
9611
5125
8937
1728
9266
0781
5291
9779
6442
3455
5806
3702
4402
2051
2252
9987
8095
1248
4438
0078
5362
7321
2038
6613
2082
2639
9476
4806
8135
5431
9317
3187
1694
4174
7531
0315
8056
0797
1418
6714
3568
0483
4587
3866
6530
9439
2562
5202
2487
7481
0295
2917
0476
3985
3637
4384
8553
7996
1891
0800
8170
1470
2419
1330
4988
9196
5047
8277
8107
2453
3085
0121
5069
0268
2920
3750
4953
7609
0424
2511
2908
7332
4009
0230
0173
5885
1201
7866
8613
9906
3049
7153
9183
7674
7830
1734
9749
0256
7983
0823
4984
2422
4031
3906
9319
8381
6840
8146
1412
3332
8384
2042
8734
6033
9025
5907
8364
5904
7283
1610
9957
6742
2831
9609
8023
4884
2546
3864
5152
2668
5852
2650
0353
8756
0606
7617
3106
7041
2112
1349
7875
6678
6021
6418
7939
5229
0512
0331
2455
4378
0073
1896
4229
3046
6402
5266
0723
4644
9034
0599
2895
9298
1080
3040
7519
9979
0905
6731
6892
4345
1571
3356
0368
2715
1046
9853
4559
7512
5558
4410
3384
8620
0718
4473
0677
2332
9564
8492
3530
9590
2344
3464
0439
9092
4919
0633
2006
5781
3935
9519
9529
0889
6649
0340
2431
6041
4489
3758
5680
6767
5891
3445
4983
7871
1433
2424
3482
3638
2806
0080
0484
6627
4975
5141
4223
4363
1535
5466
3118
5333
3676
3110
8013
8953
8600
4359
2945
8283
5476
8125
3117
7349
2725
3378
3423
3143
2397
5193
5174
3514
5725
1071
4457
8129
8408
4539
9527
0084
0339
9712
1395
3148
2334
3910
9496
3943
9312
1204
3844
7505
4750
5925
6568
9156
3658
3443
5705
7471
7579
3823
2928
9235
8950
9437
4492
0694
9942
0446
8961
2378
2478
8632
9076
3855
4638
0820
3552
2919
4319
4154
2485
3903
1647
1441
9366
1763
0544
7205
3204
9863
9940
5690
0049
0081
2858
2580
2956
7023
9943
3861
1808
8925
6532
6553
6873
4523
7601
6502
6301
6432
7094
5664
6386
4826
0208
4999
3036
8050
4613
3635
8418
4977
6544
0420
7707
3100
8376
9308
7934
8263
0907
0545
8971
6653
3167
0107
4551
3646
7857
7697
0760
6918
3399
2776
8531
3934
1116
5716
4088
6566
4871
9414
7072
8383
1561
4962
9347
3144
8337
3825
4599
2072
2823
8941
8826
5791
2251
2338
7732
8999
9637
7409
0485
3927
0234
7251
0277
0582
8757
0270
6582
1953
9685
7516
1374
0292
8064
9071
2942
0552
6097
5430
1885
4952
9522
1611
9838
1916
1404
1170
1378
8045
9958
7649
8864
1915
4652
8257
3320
7026
3013
3410
1256
7763
1218
8016
4202
8527
2514
7514
0307
3961
8479
4748
0314
8515
3670
9992
7296
3025
3775
6198
5899
9673
3161
3093
7539
8663
7322
6720
1052
8365
2613
0525
1747
5930
6030
8858
2765
2948
3695
6636
1252
6857
7827
3499
8330
1479
6197
4782
5248
4121
6087
5172
8097
0329
0721
9384
3278
6897
2921
9375
0474
6353
3001
5380
7605
6288
4650
8241
7942
1631
4158
3980
8044
8573
5327
8638
9357
7686
1461
2654
5672
0956
0866
0044
4892
1612
8608
8968
9794
5909
3146
4215
9832
9007
8255
7831
1462
8703
7929
7634
5834
6360
0534
5686
1086
1224
4474
8707
4469
7362
1235
5756
4149
4820
3969
8820
9015
6760
7252
3811
8261
1799
2777
6235
5604
2235
7138
0180
2648
4877
6711
9703
0732
5964
8949
8674
1770
2244
4929
1320
6050
5976
5883
1540
8878
0207
6811
0945
8160
9844
1357
9131
5323
1965
8725
1057
8025
7043
5829
7354
4145
3575
0514
8589
6843
1126
9479
6048
4300
1242
9704
1860
0871
9016
8576
3180
7645
7261
4971
6560
2824
6389
9204
3291
4458
6259
6710
1025
3748
9361
7562
6238
5974
2719
7068
8959
8874
7899
8085
0161
1533
1801
3724
2827
7093
0693
1758
6166
9475
8525
3599
0246
3925
9348
2372
1585
2156
1077
1929
7966
2403
3721
9879
0209
9121
1541
5631
3895
2263
4998
4687
5975
6954
8671
8714
4018
0130
5609
3862
9342
5846
3164
3198
8187
3622
4214
1376
8555
4411
0437
7818
7196
9478
1023
8491
7460
6201
0674
8957
7622
1290
2215
7742
1931
1777
4091
7437
6554
2967
5919
1427
0006
6648
7948
7808
1597
1317
2704
7976
3404
0411
7147
5110
9385
8795
8445
5960
0501
6652
2787
1662
3612
0524
9866
1793
7900
2238
4147
2102
6657
1950
4421
8453
2104
0546
9396
1821
0652
6482
7967
7146
9177
6706
5527
2943
8281
9965
0673
0523
7479
8536
2425
1628
7567
9952
1910
7069
9698
1960
7129
3120
6463
3595
6398
4211
7704
2054
9393
4838
4373
9421
4723
9541
8302
3693
0550
1618
7990
5240
7063
6734
0690
9354
6850
3764
9497
7139
7703
0733
1351
4408
4745
0304
5317
5187
1504
6279
7126
9352
9762
5338
3916
3941
4348
0751
2737
3367
4304
2070
7141
6429
2354
0043
4117
4927
4818
4616
6839
0441
2926
6377
4653
3290
9254
1498
9146
8344
9765
1362
2130
7057
7716
4592
0248
1172
9423
1081
3567
3833
2975
8962
8000
5687
1928
8226
6761
1831
6465
4715
1019
3553
6935
1829
6123
7447
7428
2481
2649
4316
8561
4369
2547
1601
3709
3193
5585
4450
1755
1442
7676
6893
8622
5744
2078
1430
4143
4205
4164
9136
6411
4437
6458
1285
0777
4362
1392
0313
6712
6315
9112
2981
4648
6772
4577
7997
3334
7168
9980
0456
4375
2953
3246
1064
2625
1448
6347
1638
1199
5194
0215
1386
0380
7513
1921
4302
3664
8005
0680
6308
2599
0488
5241
1658
5981
8195
4502
5149
7176
6785
8007
7762
9544
5776
9048
4581
1092
8836
3197
0356
6326
6170
8910
1523
7287
1666
3877
5153
5108
3203
0643
0128
1818
3337
8124
9482
7344
3427
7441
0704
5001
7824
2669
5470
2264
4910
3218
3032
7155
1754
7883
5399
2696
0936
4325
4700
2129
7180
8621
7702
2180
9982
2384
6950
0617
3303
0924
3618
4752
0477
6368
8990
4684
3569
4418
2400
3412
9250
7602
6094
3992
6673
8689
6537
1277
1069
8444
2348
5302
0819
9408
1283
8549
4221
9068
0813
4165
9249
6267
4757
7747
7032
5255
2288
7303
4595
1338
7230
8049
5613
9996
8329
4349
9650
1606
2337
2381
6506
4699
2266
2632
0937
7788
9284
9512
8539
0289
1021
3111
8456
5273
5987
2818
8106
5158
0884
0114
0112
0579
8067
6531
5416
5167
2339
8202
7770
4231
9633
3847
4428
6053
6280
1428
3300
7781
5906
0183
1014
8199
8579
3896
0765
7448
4181
9185
2459
2183
6669
7083
9402
3467
2822
6477
9922
8777
3897
0769
5106
1826
0079
1400
2055
3704
4478
5439
7815
7641
9341
5711
0397
1190
5050
9950
6959
4138
1244
2219
0162
9695
6113
2416
2717
3083
1452
1472
7429
8029
3282
1560
5898
5279
0856
7418
6744
4106
8916
6188
7142
4665
9632
9116
0451
4657
2666
4867
0896
3975
5746
7030
0421
8923
3799
5877
3305
3871
2075
8767
5983
8856
3611
9418
1852
8374
6215
2734
6686
9014
4467
2270
0388
4075
1391
8332
6693
4629
9387
4550
4065
2724
4133
1352
1236
2423
4026
6510
4372
3194
0991
3063
1477
6499
7033
4113
0194
8744
3584
5581
6490
2886
3643
8032
2538
9877
4790
9506
9908
8358
7590
2248
3713
9787
7955
8983
6116
2607
5982
7802
5448
7504
3810
9013
4542
3937
9839
3641
0846
3902
7960
8679
8792
2507
7006
4220
2110
0461
9964
1125
6063
9605
4589
3308
4912
2518
1233
3990
0756
1151
0791
3425
3788
7108
3226
1128
9142
8183
9909
5656
7957
1258
8657
0281
2007
6702
3123
1856
1240
5067
2301
9949
8179
5811
9893
8603
2863
4607
0291
6099
1549
1488
3035
6637
6646
2448
0504
8256
7225
6369
3734
4487
2346
8249
2814
8201
0782
9663
1623
9669
9882
9356
8609
7804
8807
2163
2475
6635
9814
4333
3200
6233
2550
7970
6014
4016
5363
1265
2855
1322
5521
4292
0276
8898
8368
2316
2488
1478
3318
9492
6596
2524
7244
3707
0623
8596
5359
0283
8100
1567
9721
1806
8182
0393
5068
9042
4504
2318
7620
2641
9102
8402
6507
7469
6872
2716
2034
4882
6654
9115
8559
6283
1450
9562
2674
8276
6322
5751
8841
7103
7232
3089
7587
4852
9178
0583
6876
3546
6601
4734
9271
3856
4032
8127
6597
6175
3669
8232
3458
9487
6076
7872
6847
4886
0773
2544
4289
5139
1521
8038
2150
9515
8963
4021
4051
8367
5871
2537
9195
5548
2502
8407
1156
9432
9911
1032
4909
5828
6676
1183
4571
9019
3177
4222
4339
8271
4153
1692
9781
1340
3726
7789
1825
9615
7783
0975
2209
8598
5874
5678
8642
3870
1736
2124
1160
9565
6498
6875
0598
3088
0384
8471
8629
7506
0715
1548
2299
5228
3205
3550
3549
3541
1292
0701
6725
9545
4368
3655
5227
5216
0948
6020
9109
5772
0375
6159
9216
8459
0434
0309
0730
9094
4524
4605
3465
3674
3563
4830
4921
8764
0892
5392
1621
6061
1889
3385
7888
9920
4942
2187
7193
2368
0913
2558
8718
4352
5453
7221
8666
7714
6881
3573
1586
8378
9925
9664
6126
9729
5134
1707
7011
3345
2221
7693
5280
9438
9874
5336
7297
6905
6450
2944
6816
1031
5017
7700
7931
5480
2000
8022
5014
6523
1483
9296
1432
0129
3913
9586
7416
4163
5116
0060
4128
4939
2370
0994
0263
3403
8194
7130
6773
4521
8729
0727
1372
7084
1590
7203
2496
5147
9561
4801
1901
2964
3538
0018
1174
6495
4701
1383
9228
6181
6846
6287
7529
6370
3560
5655
6382
7406
2532
9820
5324
0326
8176
4277
0343
5365
8448
7277
8389
8658
6141
3034
7964
1075
9848
8316
6431
5490
1661
7962
4670
5482
6956
8352
8347
1968
9198
0725
0728
6521
4483
9740
2742
8922
2465
3639
5565
2911
1857
0619
9364
7604
9785
5517
5031
4707
2789
4381
6219
8328
9122
0366
7495
3230
0463
9974
2949
2350
5263
3294
0873
8583
2001
6618
6939
1805
5742
4033
5529
5337
5554
2887
4850
5085
2026
4716
8294
6441
3460
7195
5287
1784
3770
8109
1503
6029
8070
7746
7104
8420
8239
4116
0101
8535
1670
3079
5103
2094
1458
7353
6036
5539
4266
8375
5648
2856
6994
5042
9419
5500
6469
2780
3627
2638
3152
1691
4161
7468
5384
6361
3369
3090
5293
6695
6232
8075
5344
8247
7387
1922
1660
6133
6493
0381
9599
8630
8117
3827
2736
8958
1373
2220
4398
5177
9428
2060
3139
1845
8692
9554
2933
2571
5062
2456
1517
9731
4341
9846
2845
4862
9570
8849
1270
8004
4904
2519
8907
8994
2405
8278
5329
3708
8523
6992
7886
6239
9710
2567
5181
6496
4501
1179
6919
9899
0048
8770
1142
9701
5354
0882
2774
9659
7014
8165
4076
8379
0260
0647
6205
1294
9596
0364
4803
9528
1812
3319
4737
9924
4250
2356
3251
1982
1942
2852
6547
3712
6294
1280
7626
4868
1202
8509
7236
1619
1344
3349
0035
5070
0678
1815
4756
5999
0842
6879
1276
6519
1206
8242
6300
8091
8900
0630
9052
6223
8447
1475
4019
7961
5853
4776
1316
2679
7456
9103
9686
6856
8021
9425
3536
7795
5094
6633
9295
0984
5745
5257
1680
6527
6557
5340
4976
4354
0838
6651
6690
9221
5498
6466
3452
0029
8817
5135
9896
4101
8943
7045
3437
5507
8042
9645
4443
9813
1800
6536
8590
5412
2324
6803
4095
8511
2292
6406
5151
5006
1796
5580
5927
6284
9362
9132
2132
2691
0516
2912
9857
0763
5137
3494
5650
0586
9891
4807
2682
6962
0754
3133
2109
2191
8548
3888
5084
8138
9833
4900
7546
1584
5201
2421
2225
0993
9870
6395
7982
2462
6446
3557
2122
9316
0573
4898
5569
1299
4763
6200
8463
7125
7391
3689
3474
3392
5878
1203
0848
7090
5542
3624
9305
7492
8708
5061
3504
0417
6191
3131
0023
8912
2906
5145
8186
3523
9956
6227
1310
7901
5242
2363
3508
4404
0635
0829
8082
2447
0908
1214
5298
1994
3681
2101
6007
7561
6204
2477
7245
6397
1911
8404
2699
3010
7368
1696
9757
8440
4393
9137
6878
5447
4213
1705
1627
9291
7150
8409
8366
6940
7299
6754
6251
1641
1564
6055
1995
3109
7111
3314
0657
9445
2399
1449
1194
5367
3324
7616
8315
0817
3209
7365
4192
8036
1781
7833
3075
2116
5041
0543
5807
3945
4618
9986
7154
9647
9286
2809
0409
1855
0844
2247
4007
1281
4386
6883
6354
7717
2371
6606
7974
7411
5544
9391
7745
5404
5842
6779
4313
3009
3232
2360
3419
0238
8783
9091
3805
2436
0988
0318
7705
4647
6396
2709
0572
0193
2850
5590
2206
9655
6778
8484
3781
7682
7466
1939
8633
2773
2115
5088
5208
4889
6722
2609
2566
0346
5074
0717
9457
5847
7133
3736
7464
1880
2775
6579
5124
9518
3124
6339
0097
3876
2702
1096
2136
3394
0890
5052
3785
0187
7503
2160
9474
7324
5100
7725
9907
3859
6834
7145
0344
8615
1251
1396
1636
2910
4799
4491
0468
4321
5968
1147
2374
9199
8908
5530
1935
8059
4724
7197
1925
9257
8394
9427
0224
8773
1241
1269
6180
4960
9125
3062
8682
2084
2673
8806
6312
2062
2526
3652
4635
7782
5436
1605
5190
8230
1329
6362
9881
7635
0547
1243
9595
3930
7098
1033
6405
5505
5696
1148
9301
5958
0333
9489
2095
7289
4702
6125
7568
6832
9504
8188
8139
3711
4461
0778
0135
9322
8252
7544
0535
2457
8882
6250
7908
7333
7928
7440
5956
1807
9516
2579
9511
0290
2201
9269
3020
0595
2357
6121
3920
8986
4239
9900
3782
6955
6150
2563
2631
5444
7219
2024
2157
9966
2321
2603
7144
8253
7694
6861
1750
8538
4959
0966
9090
1339
9998
2784
1197
8727
9104
1001
5054
6849
9036
4824
9926
5820
8863
6703
1537
2260
0154
6002
9265
3690
5620
2155
0077
1526
5767
6629
8308
9945
8392
2454
9275
4482
8076
3195
5410
7077
0482
3640
3380
0649
0682
4424
2013
9921
2053
7424
5621
9809
1089
3489
7834
4355
9371
0688
1632
7473
3400
2151
8386
9027
3650
6513
5516
2828
1385
1309
0768
5889
5684
7917
7750
2990
6974
5998
4050
4324
3422
0560
1131
0028
1687
5345
7977
5854
7738
1210
0931
7397
1603
6745
4139
4531
7675
7165
1124
9039
5849
2492
6607
5415
0529
3434
3134
1828
0852
0198
3208
7271
7445
1067
5769
7517
8427
9033
2046
2686
4663
3743
4479
4335
3031
2885
1751
6634
5425
7382
2290
8977
9677
4365
6314
0615
7965
0902
4463
3135
1012
3729
7549
7991
3044
0151
0306
7181
9756
5016
8178
8984
8026
6153
8754
7356
0699
0177
8577
4941
0036
0458
7923
9763
4686
9454
5330
2678
3496
3653
3442
5943
0261
7547
3086
3682
9175
9540
4054
0253
1254
8131
8203
2227
5712
3181
6645
7124
6979
9500
2635
8441
6058
4722
2621
1663
8715
6257
1053
3659
8747
0713
2173
8104
7052
0592
6272
6481
0059
8229
5503
3459
9417
7467
2620
4918
4314
9054
1261
2651
7898
1949
6638
6561
0555
7944
7777
8835
0146
0720
3596
9640
3270
3547
4374
1649
7318
4992
0584
7969
3812
6171
5290
3219
1250
0249
4673
3338
2242
1767
7909
9000
5418
7985
5023
8948
4549
8780
1633
7487
6783
9662
2241
0865
6478
4184
9651
5967
9304
2494
2549
0655
0786
7555
2023
8823
5117
2751
1314
7593
4105
4025
5944
1446
9970
1708
7963
6263
0952
1962
9903
1653
2792
7249
1102
4743
7829
1753
8742
6135
0613
3565
5890
5677
8648
6211
2159
5283
5370
9155
8779
1941
1760
4436
2031
3507
9114
6072
1337
8669
5719
4493
4615
1239
3606
8003
8870
3886
2161
1771
2195
2640
0298
6604
8911
7029
6797
2689
9031
2310
9542
0357
1255
9060
6252
7853
4036
8933
5674
0093
6949
1024
6914
6752
2333
2959
0496
9938
5657
3747
5980
1547
4201
2683
0430
8607
4854
5794
8058
6028
7758
4454
1923
1263
2472
7836
8685
1698
3347
2443
8928
4035
4510
0220
8952
5051
3993
3312
5048
3183
4890
6474
8290
4046
8796
7323
4254
0841
5661
0322
6986
5459
0395
0226
1552
2834
5932
0752
1186
6692
5037
1811
0628
9351
0849
9028
6551
4848
7264
4864
4815
0679
8974
8296
7508
9914
9307
9330
2616
9767
8212
1789
0559
1363
9667
5432
8896
0202
7690
3874
4714
7573
7364
1164
0110
9233
8084
6786
1056
3580
1438
8735
1275
8345
7028
1211
0815
7709
8873
3784
3395
2017
1813
2168
5294
2175
6016
0978
7731
2467
4358
5817
5207
9170
2747
4540
9467
9285
7543
5408
1709
8269
1926
5111
0983
2166
8411
2701
3473
0863
7540
3793
2972
3818
0134
7812
7436
8712
1348
5058
6564
4070
1381
7611
1421
6383
7708
2375
8584
4518
9410
6138
8052
4621
9890
8214
5658
7386
9070
6345
6059
3360
3155
6379
2772
0102
8980
8020
6225
8688
4405
8915
5673
4920
8721
9081
1524
9852
5040
9290
7345
6448
6934
7294
0929
7589
2435
4012
4541
0687
8309
8027
6244
7036
2842
5334
9597
5303
3777
5845
2601
8903
9106
1510
8821
4972
4811
6543
1026
7073
5156
8894
9365
8839
5214
6391
2663
8905
2118
8517
4281
5300
3156
3341
7058
2803
6265
5358
0219
1187
9745
7876
0930
5218
1278
5571
4498
8488
4234
2893
9129
0033
8945
2267
8193
8439
0206
8310
1444
9784
0252
4515
6985
9905
1626
9222
0431
8430
9951
2894
0317
9548
2743
5614
6241
8466
3921
7663
2735
5219
8637
5331
4269
3657
9850
8417
2974
4137
0063
3559
6874
8709
2500
0789
3416
0056
2233
7800
3240
0257
3284
2527
9022
7191
2930
7074
6394
0245
5681
3814
5483
9258
2918
3832
9280
0416
7136
2697
1505
6826
9107
4180
2268
3564
6938
7588
3979
2076
9746
6220
4837
6898
4606
7025
5576
1260
6120
9190
2587
4168
8851
7780
6603
4794
0833
2402
4387
6473
1604
1222
9758
8939
1070
6018
4729
6818
5722
5049
4206
5296
6534
5693
1153
7798
3388
4338
1273
0065
6451
3227
4651
6068
9736
1050
7422
0553
9886
8822
3581
9205
2655
2950
6658
7348
6209
5591
2746
3950
1948
8720
0145
2193
0327
1059
9050
7854
8566
9578
5252
3697
6563
5911
7766
6309
6254
4739
9711
7223
2178
4315
0066
4819
1332
3170
1176
5356
0604
1234
8534
0407
1545
7558
3396
1123
7152
2366
3790
3796
9040
2257
0312
6142
1985
5422
3680
1361
8892
3940
7250
3253
8190
0766
3462
3768
8862
3858
7791
3225
2670
0668
6930
9297
0645
5546
5400
5575
9083
8356
6813
3894
8673
9035
1144
0492
2484
4808
4253
2200
3328
4672
1205
9011
4994
6784
7248
6681
5440
6845
6343
4719
9096
6149
4085
7497
7820
6070
9069
2098
7347
6931
1776
8828
4834
9086
7388
2302
6010
2626
6107
5386
7174
8700
9912
5679
6751
8902
4114
7889
5916
3648
0888
5675
7254
3173
6122
3763
4432
3918
3486
2826
2250
9184
2952
2185
2340
1016
2762
8382
3323
7433
3583
4879
2711
1904
0539
3551
1506
0920
9509
0987
1304
7390
0432
5429
4329
0588
3043
6158
5285
8167
4680
9100
3987
5649
5780
4444
5104
6787
8320
6214
7911
3667
3080
2383
2045
0737
2275
4787
7559
4431
8859
4835
5383
1279
2829
3753
4377
4783
1589
4062
0143
7615
0010
7633
4337
4903
1264
7338
5840
3873
4533
9990
5450
4875
8918
8571
2870
1481
3754
1539
3956
7278
7749
1103
1359
0702
6835
8455
3719
8956
4753
0609
2295
1886
9770
6119
3577
1876
5341
5534
3022
9709
3842
3129
2396
7351
1717
3493
9123
1293
4823
5446
7925
4063
4350
2778
2552
6148
9627
4420
6330
7523
9507
4357
3716
2306
9340
1938
3490
8876
5596
0379
8889
0218
6685
6937
3430
1608
4189
2105
3885
3297
4252
5626
2745
7472
8031
4789
8508
5406
3694
3628
2627
1291
3531
1686
2085
4668
7752
7403
8169
3835
8580
7112
7042
4400
9805
2680
9973
1613
5584
5099
2937
2973
7542
4279
8687
6088
7532
7509
5593
8919
6674
7710
8960
4126
2771
7744
2096
2645
1319
4308
5860
4442
1945
9773
3996
7930
9600
6900
7258
1794
4704
0708
1908
3692
9008
1420
5036
8693
0734
9968
9735
2510
2596
3220
9420
6614
1266
9299
3409
3954
8286
9193
0638
8641
3188
1987
2729
9883
1675
9799
3760
7269
6485
8574
9520
9654
3095
4104
1003
5954
1511
3243
7533
1583
5301
4476
4080
6019
8333
5707
5946
7475
7730
1028
5165
1399
8326
3115
8130
4446
0274
9796
9377
6328
0418
9858
1493
8219
2282
7813
0886
3651
7317
2848
4037
2594
7143
8541
5126
6453
3900
0189
4585
4741
1697
2433
9755
1473
9309
4328
9395
0578
6387
5504
3683
4160
8483
7097
8521
8557
0700
7311
0569
2137
4055
1520
2749
6169
8837
6445
4957
5795
3223
3216
3524
9724
7222
4902
2067
1005
5587
1558
9892
3749
8388
4570
7107
8311
3030
5607
6541
7653
4217
4693
6641
7832
3029
4926
2588
5097
8803
3132
1810
4796
2208
1620
6399
4407
4227
5155
9372
3415
3007
5660
6289
3128
5841
9288
5002
9392
1682
0262
1937
5150
6486
1288
8704
8224
8662
1482
6416
1132
3887
9626
2984
4120
3213
2328
7896
9521
3178
8656
7003
3527
5271
6340
3082
3311
2970
5245
9166
3666
5900
5667
1166
4831
2595
2795
6037
0533
9003
6514
3963
1454
4711
4027
3329
5105
9064
5250
3946
1087
6249
2041
3255
9935
8246
7373
9811
6616
3495
8834
4447
6851
0106
9202
5512
0757
9431
6542
2088
4851
5984
5568
1274
6656
6926
3211
2769
1140
7400
8696
6668
5706
0272
4417
1382
0812
4608
5739
2854
8520
5000
5471
6484
7564
5662
2913
6456
9179
2652
4122
7463
4449
8291
6728
0804
5819
6515
9728
3815
9337
4784
0900
9629
0860
7048
2835
1000
6073
9404
6136
9555
2145
4658
8034
3333
9967
8551
8461
4938
5938
5246
3501
5511
6864
1308
6757
6788
4917
3295
8888
1969
2548
3471
8581
3285
9065
1122
9503
4460
0684
2390
3438
0520
2590
9017
2182
4802
3186
9630
0783
9430
1838
6682
6230
6444
7051
6789
0646
3926
6009
1617
1993
5917
7105
9918
4452
6161
3752
6472
3731
5423
0719
5281
5461
2162
2411
7016
2388
5821
4525
5308
9360
4291
1113
2194
9062
2977
4664
8969
5619
7932
0273
0487
6877
3570
5562
7837
9766
1341
7179
3838
0447
4262
9722
1397
3271
7712
7920
4755
1060
1007
3824
0740
6664
5815
8617
3722
4529
8988
4562
1507
5388
2832
1499
4945
3774
8377
5378
7326
4640
4061
5391
8842
7912
6963
7873
6801
8251
6246
0558
8391
7880
1894
8781
3189
0152
6923
4558
7173
8221
1152
5487
9619
9380
4248
9140
8567
8995
0163
2515
3710
1099
6705
0790
5109
2657
1065
7161
5142
4626
2874
2932
8196
1791
1193
2283
6576
3446
1286
6132
0513
6957
7949
5102
7279
6364
6163
5779
4678
8625
6569
1991
1030
4649
7946
7612
0022
3268
8552
6716
4749
5801
5402
8678
2999
1679
3965
1622
0872
6933
2634
5709
7343
9902
1403
9149
6366
1189
9525
9716
8334
0634
2427
5765
9836
7263
8568
2559
4203
8054
4631
7421
7499
6817
2249
2898
9919
8940
8978
7907
4839
2756
2495
3816
9270
1146
4878
9483
6297
8273
2897
5496
8530
4863
7771
8737
3820
1177
3841
1011
1713
4394
2846
7776
6008
2466
2979
1038
2551
6721
3699
9389
1924
5307
0423
2688
3259
7585
1678
1837
2246
1110
1063
7405
6255
1803
9682
2382
0450
0054
3881
8304
9237
4954
8901
9827
1566
9397
5465
4849
4586
6381
6640
8966
1529
5515
8885
4456
6823
4297
6666
2899
5409
2303
1159
8096
7787
5608
7778
6182
0603
4014
7941
8614
8340
2768
2740
7314
3114
2996
8268
6589
2830
3292
0473
3260
3803
3883
3475
6841
7984
7302
2557
5488
4781
9843
4751
1271
4448
2434
8413
3953
0399
6884
3279
0091
6045
6724
7566
0731
2503
4196
2713
0354
8472
8951
0481
2468
1257
1841
7367
7560
7396
5236
0396
2167
5405
0832
1616
6858
9616
7360
2728
0656
8043
3949
1238
1216
5081
4148
0335
7565
5078
4519
3267
2367
8869
1572
4619
2582
6925
0563
0568
8390
1997
1106
6746
1865
5753
6286
2957
8168
0369
7080
4933
0288
2226
8425
8198
5955
4343
4470
1345
9923
7401
9383
8397
3322
4102
1743
7860
8860
8372
3714
0308
3016
4530
6672
9378
5714
9058
7194
2876
6443
1328
6969
3011
1946
4167
0229
5115
6298
3231
9282
2722
2505
4251
7592
1673
3519
1369
1219
7914
3846
2319
3059
2902
4286
8899
1365
0726
4574
1490
4660
5941
0915
4462
9051
6608
7794
5038
9674
0662
0809
0254
5700
5522
6913
2176
6329
3241
1484
7619
5140
8114
5665
6975
0826
8011
7260
6623
0104
3828
1830
7412
4224
9471
9260
8650
2280
6424
5472
9453
3739
8543
5557
7647
5486
9158
6973
9791
2816
3901
9910
9580
9072
7493
3598
8147
3974
6539
2656
7275
0973
5417
1542
1785
2126
5251
1888
1336
0370
7943
8234
7119
4396
5792
0835
2865
5645
4967
0955
4548
6511
8776
3383
1720
3609
0862
5128
6425
5935
9534
2530
0669
5332
8292
5973
8913
5598
6894
6212
6662
9002
6981
1672
6842
5198
5652
4351
2279
1118
9547
8998
6243
4575
6967
4602
6890
4052
7047
7950
3352
3958
7639
5757
4260
9524
6487
9888
9495
7861
6503
9543
8238
6869
0640
5926
1576
5112
3023
0001
9830
9141
7425
7606
9098
3786
3587
4006
0127
2442
6140
6392
4471
6587
6240
8438
8422
4637
0527
4923
6291
4865
9334
8442
4769
1068
1748
2158
2491
9751
4509
4759
2461
4520
6904
4225
0258
3914
1573
5838
2359
7999
3157
2564
2622
4212
9004
4990
5027
0186
1181
8060
3929
3299
5310
7502
7334
8204
0602
2807
7496
1017
1556
9227
3830
1434
4382
1467
9573
9594
5774
3548
4731
2030
7215
3353
4278
9717
3705
6870
8348
7572
0296
7461
1871
1268
4508
1130
1782
8360
0502
9009
1721
0610
0214
6139
1390
0042
8881
6420
3004
3250
2032
6647
0642
5262
8122
6819
2980
8947
2234
5289
6776
6572
5778
2430
3269
6390
4380
1898
1004
9292
3084
4435
7627
6165
0009
8006
0449
4946
3017
9150
0998
9514
8099
4546
0899
9927
8766
9904
8701
1342
8890
4761
3072
7921
3675
1890
4937
8800
8403
7106
6374
5985
9373
8706
8339
0953
3889
5013
4662
7255
7214
9400
2202
1645
6631
9929
3064
0404
3593
8831
0176
6650
0753
8519
2528
5267
9915
6110
5897
0109
8921
1657
9981
0636
2608
2058
1419
0793
7446
3607
4514
9959
4301
0071
0969
0316
8295
0995
2107
8564
8972
6927
6054
7569
6917
9236
3706
0965
1231
9855
1098
6990
2203
7259
4836
8072
6987
6583
2577
6770
6253
6310
7851
0348
7968
9046
5107
8804
5638
7037
7377
6393
5401
8653
1936
7580
6352
3428
5231
1966
7035
4144
1284
0165
9575
9358
3221
5763
7665
4590
3182
9954
0557
8526
7803
8750
4129
0156
9168
2997
2153
1518
8231
2799
8415
4579
8432
6085
2531
3406
3779
2976
7760
8467
2642
2941
7452
3585
7951
9617
5782
3261
5994
5798
7850
7361
2866
1674
6546
3210
2265
5697
6452
6179
0589
8586
0280
3909
8982
1169
7870
0816
6704
4228
1851
7613
1609
3880
6667
5937
9689
2969
3696
7992
7423
0003
1957
6960
8973
4059
2196
4698
6089
4949
9187
0275
1742
3280
3932
1416
2349
4049
0940
9679
6598
9953
0311
8354
6299
1530
2291
3172
9135
4427
8260
0454
0192
5129
6895
9262
5387
4096
8504
5578
8769
0637
3466
5373
5991
9067
0125
3863
6331
1415
9505
8019
3543
7681
7128
7494
5091
4563
7038
5978
9644
8040
1716
6335
8410
7751
8759
2597
9473
4020
3502
1667
7284
9210
3263
5589
3421
9723
9760
7204
3327
9159
0390
6229
3831
4135
2327
6758
1217
5272
7692
4261
8624
0142
9047
2925
6574
3819
1455
4620
7838
8848
8768
4191
5259
6047
7577
5934
6440
6356
4512
6186
6824
5653
2190
7796
0240
0974
3644
1792
7654
7525
3497
0738
1683
5959
3417
0389
5559
4107
3955
6545
9613
5213
7893
9241
2983
0000
3566
2786
2851
3217
1732
9800
2066
7076
1575
0160
1961
6509
3003
3160
0440
5458
3510
9955
3078
8385
4654
4993
3233
6677
1425
2037
4979
1737
8920
2753
1485
6737
0007
3339
9608
3069
8289
8105
6111
0243
3092
7291
4274
6559
3677
4159
7817
4307
9646
1930
0486
2989
1134
1849
9690
7774
9466
6129
5903
1429
5630
2039
6953
8996
3826
5902
1919
5605
2192
6821
8741
3718
8158
0611
8041
8035
3778
0926
1519
8514
6675
8089
5297
7430
4172
7458
1877
5309
8065
8494
6172
6871
7993
7810
2879
3948
3962
2677
6782
1887
9718
0398
3829
7127
8279
0147
6226
2614
5484
3136
3642
9670
2005
5369
7329
0601
9960
1525
6245
2802
1513
0735
6501
2744
9055
2581
8063
3163
5222
4567
8429
5723
5495
2555
2561
0321
2739
5034
2108
5221
3800
8322
5427
6064
2259
3839
2847
7844
9523
7054
8073
0408
9240
6947
9971
7189
6388
2152
4259
3769
7010
0879
0576
4705
7148
8987
5176
0972
9582
6476
9139
3302
5929
7491
8855
7239
0510
2963
4280
6825
0174
7089
2065
8684
7086
1049
3061
6694
7015
8433
4331
3249
5594
7528
6157
0138
0255
6810
0406
6096
8546
9332
5389
7122
0231
6999
3247
2047
9748
0788
0217
5025
3843
9447
9077
1358
2364
9759
0497
5833
4726
6806
3556
8454
9699
3537
7754
5683
5441
8909
7648
3994
2197
4661
7891
7268
4397
7701
7062
3571
1295
3122
4290
5802
8159
5783
7699
0830
6769
4597
8667
7201
4603
5247
4997
5232
7819
5319
6600
5816
7785
2305
8594
4429
1822
9869
2987
0703
5839
8964
6210
7027
3386
7740
0086
2028
9587
0320
0123
2186
8875
9465
7591
4240
7050
2092
7304
8074
9999
4376
6276
3899
4861
2705
4081
6838
4275
1854
2449
0949
2712
5913
1634
0374
9660
8136
5377
2273
9946
7177
0831
3102
7417
8305
3099
7884
3532
2790
4987
9128
9157
3539
3169
9093
3028
2672
8649
1681
7282
3355
7300
9969
3517
9256
6057
9810
5312
5075
0506
3970
8161
2389
0877
0210
4464
8640
0964
0442
5393
6302
2800
5547
3483
7171
5205
0785
2843
5733
7600
8108
5524
8628
5654
1138
9075
6972
9610
8976
2490
0013
9134
9715
7392
1656
2141
0216
0094
5032
8967
8683
3602
6866
4272
5764
4720
2050
8906
1215
4082
5560
3283
5035
9732
7431
4566
4472
6718
1398
2293
3130
9867
7916
9885
6218
7399
6144
2994
2924
5349
3252
0509
9012
0620
6793
5343
5632
3351
9459
2138
4013
5957
0834
5905
5997
1497
0671
4247
8850
3533
9469
0064
9917
0724
8192
5859
8164
6529
7688
4146
8496
0869
7044
1954
7118
8134
0030
5523
9220
2586
2883
4273
4527
6594
0025
4964
1002
0507
6454
6593
6700
6137
3307
3594
7958
9120
9436
8317
6459
4561
5760
6739
0946
5420
1578
6885
0300
5950
5741
2452
6980
0045
8266
6032
4710
3621
8516
2660
0055
8493
9774
8592
7474
2114
4162
6684
0090
8395
7378
2905
4876
0749
3068
9742
1423
2535
5086
3966
5574
0324
2805
2630
8816
9526
3024
9786
5810
0087
2841
0531
4901
7552
7298
6549
3039
8209
6964
3771
9209
8443
6371
5627
7956
9875
5708
0774
5079
8088
2690
1356
3477
8406
5761
9201
1426
8601
4353
9642
0325
4832
0197
5011
7793
9705
9370
1967
0011
8602
2904
5342
2385
7082
3619
0499
9145
0996
9815
2320
1451
1237
6912
5729
1635
7646
8323
0795
9456
7337
1495
3151
2695
0124
4833
1303
1453
8672
6337
7724
8282
0710
1163
6447
8157
1562
9450
2489
1970
9041
0851
5993
9873
4123
2662
0336
0015
7465
8746
7669
3795
4152
8150
2770
7266
7238
9994
0480
3554
2043
2718
6303
3942
3794
9607
1200
9412
0923
3492
4193
4176
8180
5195
6522
8597
5793
2882
8500
8436
1780
4771
5699
9845
1321
5021
3375
4237
2766
7706
6222
8400
2119
1175
5019
6419
8840
0556
1665
4528
2707
3971
3988
5628
8643
4208
3051
1712
5855
1676
3558
2764
2868
3938
4568
4507
5646
0664
0750
2504
3574
9510
3077
5666
1536
3578
1866
8544
8336
5189
2839
0181
0686
4177
4264
5577
3865
5127
8661
1639
4930
5057
5063
0105
4733
1323
9359
6709
4535
7926
0024
2509
9300
7790
6771
3174
1688
8618
0977
6733
1920
9868
2444
5732
2351
1881
3229
7507
9549
6708
6862
5570
1615
1580
5996
3751
9780
9344
6104
3603
3359
9977
5192
3849
6143
0928
3601
7350
3343
5703
8120
1180
6908
1305
9127
2369
4685
8285
2008
7087
7415
8171
7220
5148
3801
6575
2164
5463
3663
7308
5072
1559
0038
9346
1010
5237
2585
0334
1932
8713
0062
5438
8884
0004
6497
1139
6671
7728
5701
8954
6687
9289
6516
9720
5443
8177
4659
6195
5005
1388
5740
4742
6156
6027
2556
5867
6620
7743
1598
7407
7192
2254
6423
6131
4948
4642
3725
8220
6236
8287
1370
1282
6290
0350
5893
4488
7022
1044
2869
2755
5464
2314
7586
5528
5467
0665
4725
2100
6412
9997
3401
9277
1834
5403
8017
3154
4777
8771
9406
5144
9388
7346
6976
8369
1630
7910
5921
5060
5551
9167
2589
8554
0614
0764
4821
0470
0739
6799
7578
6535
7379
5724
4077
9251
6413
3101
9985
8588
7267
5602
5509
0017
0204
7583
6428
1859
2406
5360
0857
4667
8216
1596
3787
6800
1459
0864
3366
9095
0802
1287
4232
4573
7973
6639
2808
4477
3053
9553
4485
9539
2982
8810
0979
3715
3952
7537
8846
3373
5775
9082
4978
5835
3453
1013
7131
4963
0191
4318
3625
6732
9499
3744
5223
9491
0271
1112
4690
0999
4924
4288
3387
2813
3389
7786
1816
2536
6052
0047
9079
7169
6936
2450
3179
5615
5311
2217
8775
6373
8785
6998
8313
3850
7522
9657
8880
5536
2476
9792
8716
6237
8753
1710
3054
1637
4317
5886
2512
9097
1457
8886
1307
4760
2890
9345
7885
5572
2393
4243
4985
6261
8540
9747
2681
1870
8853
3354
9798
9694
2004
7608
4572
5351
5382
8175
8930
4067
0095
5113
3289
3127
5043
0663
0980
8208
8480
8218
9066
2091
4857
4244
0587
8833
8537
6145
9598
7937
1394
9743
2149
7863
8197
9878
5715
3436
8151
9871
5499
6558
9795
6882
2229
7319
4125
4440
4267
5519
1447
6743
6134
5535
1677
5728
5644
9318
3822
2380
5969
0565
4236
2198
4727
9333
7096
8324
3516
8047
6868
3647
7132
9991
0919
4775
7906
0542
5726
5734
4099
5162
0466
3629
8416
7217
9153
7621
3228
3150
5588
2317
8733
6991
3636
5346
7462
5375
7680
5182
4005
6983
2862
8825
2474
7792
6365
6305
3591
3797
1531
6338
7157
6512
6859
1651
6334
0808
2446
1624
1703
8338
3277
5758
6790
0847
5159
6221
0330
5233
3058
7285
9707
5096
9162
2578
0068
3686
6266
7869
9612
7651
6550
1643
6084
5843
9939
0911
2407
3370
6581
2080
0824
4040
6449
6127
6359
8524
4481
5720
3576
5368
6151
1836
4656
2081
8675
6375
8236
1823
6903
2172
4303
3119
3286
0706
5721
4623
1196
2592
6921
6177
2615
1501
6273
9648
9558
9744
7524
5065
8254
8811
1422
8784
2440
1409
2148
0443
8495
5790
6109
2147
6573
1843
5759
7137
7280
0880
4805
8166
4219
5254
7729
2415
3381
0061
0517
8778
1491
8061
4226
5945
2469
5538
4717
4534
6518
1740
5940
9037
4634
8362
0185
4468
1185
5882
9895
0898
5452
2916
8243
9429
5339
3055
9589
6707
9154
5636
6805
6577
3316
2591
7187
2205
5018
8794
9026
5861
2730
2781
9219
0567
6101
7182
7526
2710
2675
5933
6500
3933
4785
9152
9764
5972
3998
0166
7581
4683
2361
7091
5718
7556
1820
3673
7420
8299
8558
8211
7584
6282
7905
1864
7874
2113
2575
2958
1897
7988
9672
9738
1136
3104
9588
3363
0148
0505
6358
7088
4156
5154
0805
2376
5537
6609
4947
4480
6906
9124
4066
3604
5304
1943
0894
3645
3222
1085
5922
8660
4894
7226
4956
8513
4841
6828
4758
8755
3145
1975
3759
4866
6855
5376
4030
6663
0037
7515
0345
9508
3257
4310
5200
7545
5824
0422
8774
0942
7301
4258
9593
6642
3342
1773
7935
9887
2355
2497
5179
5012
5286
6024
1992
6483
7166
7012
3626
1371
4092
4564
9680
6196
6421
9320
3041
1500
3986
5622
7404
5532
0376
5823
4989
5433
3238
1714
6945
9446
9203
9876
1853
7624
6590
4788
8728
4526
0222
8498
9273
1135
4814
4235
3944
1907
6698
5754
1212
3656
7498
8636
1768
1090
6384
4614
7538
9537
8575
7530
3879
9533
4422
4305
4543
6602
0459
6528
1940
0695
7455
3149
9252
7986
6426
8582
7055
1228
4356
9367
9287
3065
8877
7085
6187
8137
9468
7597
5121
6562
5892
9501
0537
2708
5873
9415
9024
6437
0624
5288
0462
8275
2077
2844
7563
9044
9181
2312
5171
7366
0590
3717
9321
9089
4829
1581
7394
1262
0659
9472
3620
6306
9242
3904
5256
4974
6146
5265
1350
3905
0400
1408
4430
2441
4897
5191
3478
7881
6333
2914
4544
6644
3634
1327
3325
5818
1437
2417
1022
3485
5426
2931
6749
6759
8155
3159
2179
6540
5525
4692
5966
7764
3264
3984
1476
7209
4179
8887
8300
0858
6565
4935
2274
4246
2011
4230
4419
1867
1297
2493
1532
0685
9218
4047
6319
5865
2522
3806
1951
1648
3326
6753
1646
7902
4466
7005
0233
0712
0912
5239
7288
7670
4388
3893
0294
9727
6570
2748
4797
5748
6435
5977
7839
6628
9517
0471
0597
4141
9462
8762
3765
0806
3882
3005
1986
4370
1512
7242
4024
0837
6066
2706
2900
2757
4344
3995
6193
4209
5455
9842
8477
5894
2207
4809
5076
3931
3275
1377
0541
7064
7630
1947
1137
5986
0303
3481
0050
9449
6264
1850
3331
5083
7483
5275
9761
0951
9556
1775
9043
6044
4537
2285
6332
9803
4364
0301
5180
0867
7614
6765
7840
8233
8014
7002
9435
6624
1054
8587
4709
1917
9806
5003
9323
4441
0822
3957
2480
3207
3045
5766
7599
9671
4780
4691
0019
0875
8118
1644
9313
6471
2035
6995
3137
6341
4094
2820
1912
9937
8872
0070
2401
7439
4100
0072
9174
8645
5024
9247
3791
5563
5616
5595
8786
4828
9776
8225
7151
5133
3407
4003
5942
9643
4285
2955
7691
1078
5209
9584
3735
3358
9038
5800
0934
3542
3506
5064
0654
3468
0762
1015
5555
2218
1207
4655
4718
8174
8111
0593
2752
7629
7554
5750
5394
6025
9568
7598
5518
7102
3757
7482
8359
1964
0883
4170
2394
5197
8318
2313
9073
8808
6455
7021
4074
0839
1165
8772
3688
0401
8451
2542
0419
6989
1741
3633
0938
2170
9789
3917
8722
5493
0521
6346
2125
9264
6814
1184
1366
7123
3377
4256
1977
6948
3476
8763
5143
8087
5808
2040
2985
7488
1814
7768
1756
1798
2658
7666
5411
7438
0002
1725
7828
2836
1718
3440
7877
2539
4792
1117
2377
2584
5261
7413
6078
4735
8228
8353
9824
0213
0051
0259
1607
0707
4210
3340
2604
3983
3780
1903
9488
4028
2779
3236
8424
9119
4366
8103
8970
5901
8697
0799
9189
0921
2825
1486
6217
2812
4682
0236
1435
2262
3615
2127
1226
3454
1406
0811
5243
4754
7328
3804
3730
0403
5295
3038
8237
7582
8126
2099
0600
4322
4455
9572
5692
9188
1051
8098
8694
4150
6083
3027
4185
2998
1161
5786
9207
2395
6077
3807
6480
0605
5694
5385
6065
6357
0351
6040
9851
0903
9697
4326
4895
7859
9197
9975
9538
2343
9444
3488
0810
8927
1042
1079
5270
6213
3357
4015
6750
8458
9172
4774
4810
3610
2754
5220
7081
9988
4295
5092
7739
9978
5561
2676
1154
6278
0115
6311
7945
6865
9186
0302
5624
0021
1652
9272
2063
0503
0644
5688
8071
2849
2687
3215
2498
8612
9326
1315
1817
9859
7402
6433
9246
2804
7381
5029
3733
8312
4536
0933
8895
1436
2951
4747
6167
2174
7927
0853
7520
1738
9001
0467
8113
4633
7981
9259
4042
7806
8412
4371
6464
9283
9692
7290
1354
4399
3057
6438
7536
4853
8210
2801
5592
1502
8616
7652
4778
3703
9972
6013
9571
7841
0943
0361
0489
0515
6234
6407
9160
1379
5022
9628
5573
2821
9267
0532
7551
5306
4045
2391
0709
7231
2111
5071
4496
7998
7442
2794
7631
0299
7938
0452
2583
4736
3184
4433
0266
9452
2667
5173
8655
9399
6207
8396
3107
0787
3242
5407
4409
2733
4029
8865
3978
4186
5435
4426
0666
1076
2576
1387
9831
1527
0171
5132
4645
0285
4130
3522
6090
6403
9901
7419
4855
3393
0153
6042
4887
3528
2529
2971
7270
2541
1355
4630
2880
6105
4795
0120
1711
0247
4798
8749
3098
8355
2014
9363
5199
0319
8435
6929
8066
9407
8634
6830
5553
1546
8897
5870
1107
0205
9962
9498
2606
4858
9329
8578
8681
3457
1902
8012
5682
6827
3037
8473
8924
9074
1642
4955
7843
1833
9018
8446
1769
9577
7846
0954
6952
3050
4786
2281
5812
7374
0696
9215
7557
8116
8086
8934
8280
8677
2413
7864
7879
1225
2204
5918
7372
9753
7376
3315
6592
5314
7915
7190
6317
5736
7383
7541
1565
2315
3441
6325
5713
7213
9263
9451
2617
0500
1514
4721
5398
9752
7723
5965
0772
5468
8665
0342
3026
5119
8092
9592
2261
3665
5146
6035
3868
0136
6791
7761
8992
1726
2901
9386
6031
2619
1440
4738
9864
2009
6270
6258
3402
5787
3426
3860
3447
9405
6079
3304
3911
7281
5566
6022
1669
8791
1088
3915
4555
0014
9683
5318
8871
0538
1802
9772
7855
9020
8563
0997
8866
4255
6192
4330
2726
0227
4740
0155
9314
6162
9563
8626
7114
7623
2857
5481
5743
2891
5204
9585
1764
4124
3605
6051
9604
2308
7972
0629
3418
9634
9984
2286
3108
1895
2791
7816
9936
0625
6208
5582
9559
1141
9983
5928
5184
9481
8993
7358
2664
0046
2568
9005
2610
1104
4914
8077
6184
6932
2554
0607
5773
7903
7756
5689
3469
8414
0069
5030
0729
4115
4506
7603
8110
4968
3484
1749
7989
8547
0445
9618
2732
3608
4676
7713
3535
4127
9063
6468
9995
9253
1508
9443
2605
3310
1456
8847
6415
9551
0074
8528
4111
1625
3451
9164
5010
0250
9214
7457
3288
0392
7454
3498
3685
6679
3745
9494
6313
5915
7389
4578
7427
0067
5931
2714
3813
6410
3623
0269
6277
8879
3414
1247
4730
1981
3201
8739
9808
7720
3520
0453
2223
7007
8550
2692
3165
1129
3720
9576
4499
1715
1120
5831
7485
2243
0927
8080
1094
4804
9455
4591
8857
3067
0901
9804
5949
9801
0775
0469
0169
9030
8745
6854
8813
4434
1884
6567
1973
9788
3429
0472
4624
8419
7711
9847
9535
2517
3439
9819
3435
2523
9948
3892
1868
3616
5485
7370
5282
7904
1582
6920
7253
0034
5635
3287
7822
6916
1158
6586
3939
2392
9778
2379
6351
7039
2300
4906
6943
4183
6556
6984
5695
2516
1223
9276
5526
4646
6741
5643
0436
7453
0337
0478
2271
7001
0383
2437
2574
8802
5583
9192
9390
6178
3654
9248
8610
8140
2685
0917
8711
2230
3840
5045
5212
3783
5603
4713
3018
1413
8428
3293
9279
5659
7075
5550
3361
9989
7134
8891
1839
6462
6822
7040
0814
0570
5130
9401
1272
1313
4416
1149
4609
6796
0293
3212
3700
4465
4346
6615
5727
7484
7357
4628
2256
3176
1602
8510
5428
1471
5437
8001
8852
9231
9532
5203
8503
0149
2877
8148
1976
8093
5292
3248
0528
7940
9464
7518
9802
7852
4822
4986
3479
9416
6492
4242
8545
0650
1326
0961
6224
5556
1588
0490
4556
5805
3890
6185
8751
8181
3000
7049
7534
6378
8569
3912
3463
0675
3738
3544
0460
3171
8542
8664
7359
4175
9750
8245
6293
0870
7511
4981
8654
5335
2867
1840
7233
9552
3448
6275
5912
0494
7677
9656
8801
7459
7689
7004
5747
9208
1393
8507
4961
5379
7241
0168
9581
7100
9126
9010
5123
2646
6982
2572
2954
6781
3590
5637
0661
8267
2521
3364
3798
7184
2093
2330
3206
4079
5478
6907
7135
9790
2993
3976
5788
7994
0159
2565
4928
7527
7061
9422
2797
1097
8350
9434
9649
0118
3042
6748
4459
8102
2016
7079
1984
5253
9245
4270
4218
3766
4312
1774
7607
2833
2501
1318
9889
0493
6688
2750
6533
2199
4958
6168
0861
2184
6400
3728
2239
5157
7435
2647
6747
9771
3679
0571
3014
8499
2297
5284
4064
7331
4389
6003
3857
2438
5095
6961
1570
8393
5914
6376
5784
6763
1883
0297
9293
9353
7695
4073
6804
9933
6060
8303
5549
0986
6262
6643
0742
2798
1296
9059
7775
2611
0585
2097
0594
0328
3545
2767
8048
6430
8719
9658
6836
2322
5355
1599
7637
3372
1759
2345
2128
9934
1353
0960
2618
3141
7478
4188
9676
7721
8248
8765
2875
1020
1594
8057
1325
7737
7477
7426
0385
7849
8380
4187
1083
1893
3112
8724
2325
2213
5601
5988
1188
5796
5372
1464
6190
7053
0310
8227
4767
4118
9226
7167
5848
2121
2347
2534
0347
0195
3928
8264
8434
3521
8668
8647
3096
5710
3512
3848
6665
2598
8475
7017
9206
8298
9161
0747
9841
7034
1157
4198
9336
2479
1554
6844
9118
3951
2988
0040
4453
8867
0845
8991
4155
4511
2644
3967
5044
9238
5366
9424
5077
6001
9191
7186
1417
9675
0526
7172
7489
0032
3273
6427
0415
3691
2741
6189
7575
0232
7878
5670
8319
5803
7618
7355
8605
7121
5188
1761
4022
9602
7234
3981
3907
1006
4017
7393
6891
0016
6777
5825
4056
4171
2873
7078
8205
0639
0108
4943
4538
0992
2947
3033
4112
4078
8904
7218
0658
1905
1402
8144
0089
2694
